1000 0.0002414691261947155
2000 0.0004949739668518305
3000 0.0007655499503016472
4000 0.0010317328851670027
5000 0.0012505629565566778
6000 0.0014758168254047632
7000 0.0017179821152240038
8000 0.0019691551569849253
9000 0.002212218940258026
10000 0.0024615938309580088
11000 0.0027704210951924324
12000 0.0030274500604718924
13000 0.0031956268940120935
14000 0.0034859399311244488
15000 0.003697803942486644
16000 0.004127944819629192
17000 0.004186402074992657
18000 0.004449306055903435
19000 0.004836407024413347
20000 0.004931021016091108
